Air: 1.66
Con: 15-30

Ethanol
100, 0.65
300, 0.44
1000, 0.29
3000, 0.19

%17.46
[(100, 0.65), (300, 0.44), (1000, 0.29), (3000, 0.19)]

Hydrogen
100, 0.51
300, 0.31
1000, 0.18
3000, 0.12
10000, 0.082

%10.84
[(100, 0.51), (300, 0.31), (1000, 0.18), (3000, 0.12), (10000, 0.082)]

Methane
100, 0.47
300, 0.24
1000, 0.11
3000, 0.068
10000, 0.041

%6.63
[(100, 0.47), (300, 0.24), (1000, 0.11), (3000, 0.068), (10000, 0.041)]

Iso-butane
100, 0.31
300, 0.19
1000, 0.1
3000, 0.06
10000, 0.039

%6.02
[(100, 0.31), (300, 0.19), (1000, 0.1), (3000, 0.06), (10000, 0.039)]